1006765
1009134
1009644
1014266
1014770
1018802
1021916
1022139
1023473
1025859
1025862
1025863
1026103
1026107
1026117
1026118
1026280
1026282
1026283
1027427
1027429
1027504
1027505
1027506
1027533
1027535
1027539
1027543
1027551
1027553
1027665
1027667
1027668
1027735
1027853
1027859
1027935
1028347
1030690
1030691
1031205
1031210
1031929
1032036
1032236
1032409
1032929
1032931
1033107
1033479
1033633
1033699
1033966
1034223
1034431
1034668
1035082
1035330
1036157
1036188
1036192
1036225
1036254
1036411
1036436
1036567
1036569
1036576
1036577
1036669
1036692
1036693
1036694
1036706
1036731
1036752
1036788
1036804
1036901
1037263
1037377
1037385
1037592
1037616
1037922
1037923
1038014
1038041
1038096
1038279
1038300
1038305
1038487
1038488
1038489
1038490
1038538
1038683
1038684
1038685
1038715
1038798
1038849
1038953
1039097
1039134
1039137
1039266
1039719
1039731
1039881
1039976
1039977
1039982
1040012
1040018
1040021
1040022
1040023
1040025
1040027
1040051
1040164
1040712
1040814
1040816
1041153
1041181
1041204
1041219
1041511
1041513
1041606
1041872
1042141
1042153
1042156
1042339
1042366
1042367
1042422
1042423
1042429
1042430
1042433
1042435
1042461
1042462
1042464
1042825
1042858
1042860
1042876
1042877
1042878
1042913
1043001
1043003
1043116
1043194
1043231
1043233
1043263
1043469
1043582
1043591
1043593
1043598
1043662
1043695
1043711
1043772
1043873
1043880
1044166
1044175
1044176
1044290
1044296
1044353
1044354
1044363
1044375
1044387
1044418
1044557
1044582
1044595
1044633
1044693
1044697
1044698
1044702
1044730
1044735
1044738
1044746
1044773
1044776
1044777
1044778
1044779
1044854
1044855
1044857
1044882
1044883
1044885
1044886
1044887
1044891
1044892
1044894
1044922
1044928
1044929
1044931
1044933
1044934
1044935
1044936
1044937
1044946
1044948
1044949
1044950
1044976
1044978
1044981
1045204
1045205
1045212
1045230
1045232
1045233
1045234
1045235
1045260
1045261
1045276
1045321
1045331
1045332
1045342
1045344
1045345
1045354
1045375
1045379
1045413
1045452
1045455
1045456
1045457
1045458
1045461
1045470
1045526
1045528
1045531
1045582
1045625
1045627
1045696
1045697
1045746
1045774
1045775
1045776
1045777
1045827
1045831
1045848
1045851
1045921
1045976
1045994
1046058
1046063
1046120
1046152
1046153
1046154
1046157
1046159
1046172
1046175
1046246
1046247
1046273
1046274
1046275
1046276
1046279
1046288
1046289
1046341
1046342
1046413
1046473
1046522
1046694
1046741
1046746
1046748
1046750
1046751
1046830
1046881
1046882
1046884
1046888
1046894
1046897
1046898
1046899
1046962
1046969
1047043
1047044
1047046
1047047
1047050
1047073
1047099
1047100
1047107
1047184
1047210
1047213
1047214
1047216
1047217
1047218
1047219
1047221
1047222
1047237
1047238
1047240
1047243
1047245
1047311
1047343
1047349
1047352
1047357
1047358
1047369
1047458
1047468
1047522
1047532
1047534
1047535
1047542
1047543
1047558
1047562
1047567
1047647
1047648
1047652
1047654
1047655
1047657
1047658
1047659
1047660
1047661
1047662
1047663
1047664
1047668
1047669
1047673
1047674
1047675
1047676
1047677
1047681
1047685
1047687
1047690
1047697
1047716
1047719
1047721
1047722
1047726
1047734
1047742
1047784
1047786
1047789
1047790
1047792
1047793
1047794
1047799
1047800
1047890
1047891
1047892
1047915
1047944
1047946
1047947
1047997
1047999
1048019
1048031
1048032
1048175
1048187
1048189
1048212
1048213
1048286
1048359
1048366
1048438
1048440
1048443
1048447
1048458
1048466
1048469
1048498
1048507
1048530
1048535
1048536
1048537
1048538
1048539
1048542
1048565
1048576
1048595
1048596
1048597
1048786
1048788
1048789
1048790
1048791
1048821
1048822
1048823
1048834
1048835
1048840
1048841
1048842
1048843
1049089
1049109
1049130
1049131
1049165
1049166
1049167
1049235
1049283
1049292
1049299
1049336
1049342
1049343
1049444
1049509
1049510
1049571
1049572
1049574
1049578
1049579
1049580
1049635
1049636
1049640
1049644
1049658
1049659
1049666
1049668
1049669
1049670
1049674
1049728
1049827
1049828
1049829
1049830
1049831
1049833
1049835
1049837
1049844
1049873
1049934
1049965
1049980
1050031
1050036
1050037
1050080
1050082
1050129
1050149
1050150
1050172
1050174
1050175
1050176
1050177
1050183
1050187
1050195
1050196
1050207
1050286
1050372
1050511
1050512
1050558
1050559
1050572
1050587
1050590
1050596
1050612
1050615
1050623
1050624
1050671
1050672
1050747
1050763
1050802
1050817
1050840
1050842
1050843
1050844
1050884
1050914
1050918
1050919
1050939
1050940
1050941
1051044
1051047
1051087
1051161
1051178
1051200
1051231
1051247
1051263
1051286
1051385
1051391
1051396
1051398
1051399
1051400
1051424
1051471
1051472
1051505
1051513
1051519
1051583
1051588
1051764
1051769
1051801
1051840
1051844
1051849
1051850
1051916
1051917
1051967
1051971
1051972
1051975
1051977
1051979
1051980
1051982
1051993
1051998
1052007
1052010
1052012
1052013
1052014
1052016
1052017
1052029
1052030
1052058
1052059
1052060
1052061
1052062
1052063
1052066
1052067
1052069
1052088
1052135
1052138
1052141
1052148
1052192
1052207
1052208
1052214
1052215
1052232
1052237
1052240
1052265
1052266
1052267
1052268
1052297
1052323
1052363
1052365
1052374
1052394
1052419
1052421
1052430
1052472
1052476
1052477
1052478
1052484
1052492
1052500
1052505
1052574
1052579
1052584
1052601
1052618
1052636
1052637
1052638
1052645
1052646
1052648
1052650
1052651
1052662
1052665
1052677
1052678
1052680
1052681
1052682
1052683
1052685
1052692
1052693
1052705
1052756
1052757
1052759
1052765
1052770
1052771
1052772
1052773
1052776
1052777
1052779
1052780
1052826
1052827
1052831
1052834
1052850
1052852
1052864
1052866
1052867
1052870
1052872
1052873
1052880
1052885
1052886
1052889
1052890
1052904
1052907
1052918
1052919
1052920
1052921
1052922
1052925
1052928
1052942
1052948
1052949
1052950
1052954
1052987
1052988
1052994
1052995
1053001
1053003
1053004
1053018
1053019
1053037
1053039
1053061
1053067
1053070
1053071
1053090
1053091
1053097
1053102
1053103
1053113
1053127
1053128
1053129
1053130
1053133
1053135
1053140
1053162
1053163
1053171
1053176
1053178
1053186
1053189
1053205
1053218
1053259
1053260
1053272
1053281
1053319
1053320
1053323
1054435
1053860
1054523
1054519
1054442
1054438
1054449
1054526
1038722
1054524
1054441
1054529
1053762
1054424
1053740
1053442
1054038
1054107
1054042
1054140
1054044
1054043
1054041
1054073
1054129
1054103
1054051
1054019
1054105
1054087
1053694
1054538
1054122
1054429
1049281
1051309
1054139
1054162
1054167
1054151
1054528
1054520
1054522
1054525
1053524
1054000
1054146
1054063
1054016
1053991
1053986
1052470
1054625
1038721
1054136
1054094
1053996
1054251
1054068
1054058
1053960
1053994
1054003
1054168
1054080
1054035
1054002
1054123
1053972
1053995
1054482
1053738
1054682
1054672
1054099
1053998
1054535
1053856
1053742
1053258
1053736
1053876
1053745
1053855
1053766
1054334
1054113
1053859
1053757
1053581
1053961
1054030
1053985
1054059
1053975
1054006
1054007
1054036
1053999
1054034
1053976
1053930
1054092
1054172
1054088
1054102
1045583
1054163
1054015
1054079
1054075
1053958
1054069
1054020
1054810
1053953
1054534
1052463
1054532
1054255
1053820
1053519
1053869
1054434
1054133
1053502
1052506
1052454
1053386
1052455
1054486
1053699
1053773
1054347
1053815
1053938
1053788
1053768
1053890
1051188
1051185
1054023
1053937
1054013
1054017
1054171
1054156
1053875
1053942
1053936
1054170
1054012
1054085
1053951
1054849
1054062
1054120
1054084
1054028
1054086
1054082
1053963
1054040
1054070
1054104
1054125
1054095
1053955
1053978
1053882
1054447
1054116
1054089
1054022
1053967
1054127
1054071
1054671
1054109
1053935
1054144
1054029
1053933
1053949
1053939
1054039
1053965
1054081
1053947
1044842
1054949
1054230
1053785
1054233
1054242
1054246
1051179
1051180
1053894
1054431
1054433
1053874
1054292
1053901
1054494
1054493
1052496
1053931
1054027
1054414
1054485
1053717
1053749
1053761
1053744
1054860
1054048
1054443
1054670
1054295
1054209
1054223
1054219
1054240
1054229
1054813
1053687
1052471
1054448
1054354
1054823
1054252
1051768
1054446
1054206
1053505
1054344
1053734
1053735
1053737
1054341
1054338
1054225
1054213
1054244
1052461
1053902
1053900
1053891
1053895
1053306
1053888
1053877
1054821
1053084
1054310
1054298
1054822
1054217
1054118
1054250
1054234
1054215
1054245
1053185
1054685
1054967
1054962
1053250
1054750
1054091
1051187
1054984
1054973
1052465
1054005
1053532
1054220
1054302
1054680
1054688
1055043
1055032
1055021
1055014
1055029
1055018
1055233
1054910
1054560
1054553
1055042
1054674
1054241
1054492
1054550
1054352
1053466
1055047
1055025
1055031
1055234
1054907
1054911
1054552
1054678
1054304
1055015
1055026
1055019
1055052
1055235
1055236
1054908
1054909
1051895
1055037
1055034
1054543
1054444
1054296
1054557
1055027
1055028
1055053
1055024
1054855
1055004
1055006
1055200
1055007
1054941
1055203
1055153
1055204
1055301
1053739
1055129
1055193
1054948
1055334
1055126
1053879
1053880
1055167
1055209
1055165
1055550
1055315
1055538
1055547
1055428
1053079
1053077
1055316
1055210
1055552
1055536
1055578
1055694
1055640
1055633
1055681
1055648
1055311
1055639
1055629
1055684
1055667
1055683
1055630
1055636
1055677
1055678
1055682
1055672
1055308
1055637
1055657
1055306
1053698
1055680
1055660
1055656
1055647
1055654
1055736
1055719
1055740
1055747
1055698
1055304
1055686
1055735
1053892
1055915
1055671
1055638
1055664
1055665
1055659
1055310
